$keys c5_Sneer_L c5_Sneer_R c7a_Lips_NARROW_L c7a_Lips_NARROW_R c8_Lips_IN_B c8_Lips_IN_T e6a_Mouth_HIGH_L e6a_Mouth_HIGH_R e6b_Mouth_LOW_L e6b_Mouth_LOW_R e7a_Lips_WIDE_L e7a_Lips_WIDE_R e7b_Lipstop_OPEN_L e7b_Lipstop_OPEN_R e7c_Lipsbot_OPEN_L e7c_Lipsbot_OPEN_R e7d_Lips_PULL_L e7d_Lips_PULL_R e8_Lips_OUT_B e8_Lips_OUT_T e9a_JawDrop f9b_JawDepth_F 
$hasweighting
"er" "0x025a" 0.0 1.0 0.0 1.0 0.07 1.0 0.11 1.0 0.0 1.0 0.0 1.0 0.0 1.0 0.0 1.0 0.0 1.0 0.0 1.0 0.0 1.0 0.0 1.0 0.12 1.0 0.15 1.0 0.11 1.0 0.25 1.0 0.0 1.0 0.0 1.0 0.65 1.0 0.27 1.0 0.0 1.0 0.18 1.0 "URn : rhotacized schwa"
"m" "m" 0.0 1.0 0.0 1.0 0.0 1.0 0.0 1.0 1.0 1.0 0.6 1.0 0.0 1.0 0.0 1.0 0.0 1.0 0.0 1.0 0.0 1.0 0.0 1.0 0.0 1.0 0.0 1.0 0.0 1.0 0.0 1.0 0.0 1.0 0.0 1.0 0.0 1.0 0.0 1.0 0.0 1.0 0.12 1.0 "Mat : voiced bilabial nasal"
"p" "p" 0.0 1.0 0.0 1.0 0.0 1.0 0.0 1.0 0.49 1.0 0.0 1.0 0.0 1.0 0.0 1.0 0.0 1.0 0.0 1.0 0.0 1.0 0.0 1.0 0.0 1.0 0.0 1.0 0.0 1.0 0.0 1.0 0.0 1.0 0.0 1.0 0.23 1.0 0.27 1.0 0.0 1.0 1.0 1.0 "Put; voiceless alveolar stop"
"w" "w" 0.0 1.0 0.0 1.0 0.59 1.0 0.41 1.0 0.0 1.0 0.0 1.0 0.0 1.0 0.0 1.0 0.0 1.0 0.0 1.0 0.0 1.0 0.0 1.0 0.0 1.0 0.0 1.0 0.0 1.0 0.0 1.0 0.0 1.0 0.0 1.0 0.71 1.0 0.5 1.0 0.0 1.0 0.38 1.0 "With : voiced labial-velar approximant"
"f" "f" 0.0 1.0 0.0 1.0 0.0 1.0 0.0 1.0 1.0 1.0 0.0 1.0 0.0 1.0 0.0 1.0 0.0 1.0 0.0 1.0 0.0 1.0 0.0 1.0 0.0 1.0 0.0 1.0 0.0 1.0 0.0 1.0 0.0 1.0 0.0 1.0 0.0 1.0 0.0 1.0 0.0 1.0 0.77 1.0 "Fork : voiceless labiodental fricative"
"v" "v" 0.0 1.0 0.0 1.0 0.0 1.0 0.0 1.0 1.0 1.0 0.0 1.0 0.0 1.0 0.0 1.0 0.0 1.0 0.0 1.0 0.0 1.0 0.0 1.0 0.0 1.0 0.0 1.0 0.0 1.0 0.0 1.0 0.0 1.0 0.0 1.0 0.35 1.0 0.49 1.0 0.0 1.0 0.43 1.0 "Val : voiced labialdental fricative"
"r" "0x0279" 0.0 1.0 0.0 1.0 0.0 1.0 0.0 1.0 0.0 1.0 0.0 1.0 0.0 1.0 0.0 1.0 0.0 1.0 0.0 1.0 0.0 1.0 0.0 1.0 0.51 1.0 0.49 1.0 0.0 1.0 0.0 1.0 0.0 1.0 0.0 1.0 0.3 1.0 0.0 1.0 0.0 1.0 0.0 1.0 "Red : voiced alveolar approximant"
"r2" "r" 0.0 1.0 0.0 1.0 0.0 1.0 0.0 1.0 0.0 1.0 0.0 1.0 0.0 1.0 0.0 1.0 0.0 1.0 0.0 1.0 0.0 1.0 0.0 1.0 0.0 1.0 0.0 1.0 0.0 1.0 0.0 1.0 0.0 1.0 0.0 1.0 0.0 1.0 0.0 1.0 0.0 1.0 0.0 1.0 "Red : voiced alveolar trill"
"r3" "0x027b" 0.0 1.0 0.0 1.0 0.0 1.0 0.0 1.0 0.0 1.0 0.0 1.0 0.0 1.0 0.0 1.0 0.0 1.0 0.0 1.0 0.0 1.0 0.0 1.0 0.0 1.0 0.0 1.0 0.0 1.0 0.0 1.0 0.19 1.0 0.16 1.0 0.0 1.0 0.0 1.0 0.0 1.0 0.15 1.0 "Red : voiced retroflex approximant"
"<sil>" "_" 0.0 1.0 0.0 1.0 0.0 1.0 0.0 1.0 0.0 1.0 0.0 1.0 0.0 1.0 0.0 1.0 0.0 1.0 0.0 1.0 0.0 1.0 0.0 1.0 0.0 1.0 0.0 1.0 0.0 1.0 0.0 1.0 0.0 1.0 0.0 1.0 0.0 1.0 0.0 1.0 0.0 1.0 0.0 1.0 "Silence"
"er2" "0x025d" 0.0 1.0 0.0 1.0 0.0 1.0 0.0 1.0 0.0 1.0 0.0 1.0 0.0 1.0 0.0 1.0 0.0 1.0 0.0 1.0 0.15 1.0 0.11 1.0 0.0 1.0 0.0 1.0 0.49 1.0 0.48 1.0 0.2 1.0 0.15 1.0 0.0 1.0 0.0 1.0 0.0 1.0 0.42 1.0 "URn : rhotacized lower-mid central vowel"
"dh" "0x00f0" 0.0 1.0 0.0 1.0 0.0 1.0 0.0 1.0 0.0 1.0 0.0 1.0 0.0 1.0 0.0 1.0 0.0 1.0 0.0 1.0 0.0 1.0 0.0 1.0 0.0 1.0 0.0 1.0 0.4 1.0 0.39 1.0 0.0 1.0 0.0 1.0 0.0 1.0 0.0 1.0 0.1 1.0 0.0 1.0 "THen : voiced dental fricative"
"th" "0x03b8" 0.0 1.0 0.0 1.0 0.0 1.0 0.0 1.0 0.0 1.0 0.0 1.0 0.0 1.0 0.0 1.0 0.0 1.0 0.0 1.0 0.4 1.0 0.4 1.0 0.0 1.0 0.0 1.0 0.4 1.0 0.39 1.0 0.12 1.0 0.17 1.0 0.0 1.0 0.0 1.0 0.06 1.0 0.34 1.0 "THin : voiceless dental fricative"
"sh" "0x0283" 0.0 1.0 0.0 1.0 0.0 1.0 0.0 1.0 0.0 1.0 0.0 1.0 0.0 1.0 0.0 1.0 0.0 1.0 0.0 1.0 0.0 1.0 0.0 1.0 0.21 1.0 0.22 1.0 0.23 1.0 0.2 1.0 0.0 1.0 0.0 1.0 0.0 1.0 0.0 1.0 0.0 1.0 0.26 1.0 "SHe : voiceless postalveolar fricative"
"jh" "0x02a4" 0.0 1.0 0.0 1.0 0.0 1.0 0.0 1.0 0.0 1.0 0.0 1.0 0.0 1.0 0.0 1.0 0.0 1.0 0.0 1.0 0.27 1.0 0.29 1.0 0.21 1.0 0.22 1.0 0.23 1.0 0.2 1.0 0.19 1.0 0.19 1.0 0.36 1.0 0.0 1.0 0.0 1.0 1.0 1.0 "Joy : voiced postalveolar afficate"
"ch" "0x02a7" 0.0 1.0 0.0 1.0 0.0 1.0 0.0 1.0 0.0 1.0 0.0 1.0 0.0 1.0 0.0 1.0 0.0 1.0 0.0 1.0 0.8 1.0 0.81 1.0 0.0 1.0 0.0 1.0 0.0 1.0 0.0 1.0 0.25 1.0 0.19 1.0 0.57 1.0 0.2 1.0 0.0 1.0 1.0 1.0 "CHin : voiceless postalveolar affricate"
"s" "s" 0.0 1.0 0.0 1.0 0.0 1.0 0.0 1.0 0.0 1.0 0.0 1.0 0.0 1.0 0.0 1.0 0.0 1.0 0.0 1.0 0.0 1.0 0.0 1.0 0.5 1.0 0.74 1.0 0.26 1.0 0.27 1.0 0.0 1.0 0.0 1.0 0.0 1.0 0.0 1.0 0.0 1.0 0.0 1.0 "Sit : voiceless alveolar fricative"
"z" "z" 0.0 1.0 0.0 1.0 0.0 1.0 0.0 1.0 0.0 1.0 0.0 1.0 0.0 1.0 0.0 1.0 0.0 1.0 0.0 1.0 0.0 1.0 0.0 1.0 0.15 1.0 0.04 1.0 0.16 1.0 0.14 1.0 0.0 1.0 0.0 1.0 0.45 1.0 0.3 1.0 0.0 1.0 0.0 1.0 "Zap : voiced alveolar fricative"
"d" "d" 0.0 1.0 0.0 1.0 0.0 1.0 0.0 1.0 0.0 1.0 0.0 1.0 0.25 1.0 0.27 1.0 0.39 1.0 0.28 1.0 0.42 1.0 0.49 1.0 0.0 1.0 0.0 1.0 0.0 1.0 0.0 1.0 0.0 1.0 0.0 1.0 0.0 1.0 0.0 1.0 0.0 1.0 0.0 1.0 "Dig : voiced bilabial stop"
"d2" "0x027e" 0.0 1.0 0.0 1.0 0.0 1.0 0.0 1.0 0.0 1.0 0.0 1.0 0.29 1.0 0.42 1.0 0.4 1.0 0.2 1.0 0.43 1.0 0.53 1.0 0.08 1.0 0.055 1.0 0.16 1.0 0.125 1.0 0.0 1.0 0.0 1.0 0.11 1.0 0.16 1.0 0.0 1.0 0.0 1.0 "Dig : voiced alveolar flap or tap"
"l" "l" 0.0 1.0 0.0 1.0 0.0 1.0 0.0 1.0 0.0 1.0 0.0 1.0 0.0 1.0 0.0 1.0 0.0 1.0 0.0 1.0 0.0 1.0 0.0 1.0 0.16 1.0 0.11 1.0 0.32 1.0 0.25 1.0 0.0 1.0 0.0 1.0 0.22 1.0 0.32 1.0 0.0 1.0 0.0 1.0 "Lid : voiced alveolar lateral approximant"
"l2" "0x026b" 0.0 1.0 0.0 1.0 0.0 1.0 0.0 1.0 0.0 1.0 0.0 1.0 0.0 1.0 0.0 1.0 0.0 1.0 0.0 1.0 0.0 1.0 0.0 1.0 0.16 1.0 0.11 1.0 0.08 1.0 0.16 1.0 0.0 1.0 0.0 1.0 0.22 1.0 0.32 1.0 0.0 1.0 0.0 1.0 "Lid : velarized voiced alveolar lateral approximant"
"n" "n" 0.0 1.0 0.0 1.0 0.0 1.0 0.0 1.0 0.0 1.0 0.0 1.0 0.0 1.0 0.0 1.0 0.0 1.0 0.0 1.0 0.0 1.0 0.0 1.0 0.0 1.0 0.0 1.0 0.0 1.0 0.0 1.0 0.0 1.0 0.0 1.0 0.68 1.0 0.51 1.0 0.0 1.0 0.67 1.0 "No : voiced alveolar nasal"
"t" "t" 0.0 1.0 0.0 1.0 0.0 1.0 0.0 1.0 0.0 1.0 0.0 1.0 0.08 1.0 0.16 1.0 0.0 1.0 0.0 1.0 0.52 1.0 0.53 1.0 0.0 1.0 0.0 1.0 0.0 1.0 0.0 1.0 0.0 1.0 0.0 1.0 0.0 1.0 1.0 1.0 0.0 1.0 0.26 1.0 "Talk : voiceless bilabial stop"
"ow" "o" 0.0 1.0 0.0 1.0 1.0 1.0 1.0 1.0 0.0 1.0 0.0 1.0 0.0 1.0 0.0 1.0 0.0 1.0 0.0 1.0 0.0 1.0 0.0 1.0 0.9 1.0 1.0 1.0 0.0 1.0 0.0 1.0 0.0 1.0 0.0 1.0 1.0 1.0 0.31 1.0 0.0 1.0 0.0 1.0 "gO : upper-mid back rounded vowel"
"uw" "u" 0.0 1.0 0.0 1.0 1.0 1.0 1.0 1.0 0.0 1.0 0.0 1.0 0.0 1.0 0.0 1.0 0.0 1.0 0.0 1.0 0.0 1.0 0.0 1.0 0.0 1.0 0.0 1.0 0.0 1.0 0.0 1.0 0.0 1.0 0.0 1.0 1.0 1.0 1.0 1.0 0.0 1.0 0.0 1.0 "tOO : high back rounded vowel"
"ey" "e" 0.0 1.0 0.0 1.0 1.0 1.0 1.0 1.0 0.0 1.0 0.0 1.0 0.0 1.0 0.0 1.0 0.0 1.0 0.0 1.0 0.61 1.0 0.72 1.0 0.53 1.0 0.79 1.0 0.3 1.0 0.21 1.0 0.0 1.0 0.13 1.0 0.16 1.0 0.0 1.0 0.45 1.0 0.0 1.0 "Ate : upper-mid front unrounded vowel"
"ae" "0x00e6" 0.0 1.0 0.0 1.0 0.0 1.0 0.0 1.0 0.0 1.0 0.0 1.0 0.0 1.0 0.0 1.0 0.0 1.0 0.0 1.0 0.0 1.0 0.0 1.0 0.83 1.0 0.62 1.0 0.54 1.0 0.68 1.0 0.26 1.0 0.28 1.0 0.0 1.0 0.0 1.0 0.32 1.0 0.0 1.0 "cAt : semi-low front unrounded vowel"
"aa" "0x0251" 0.0 1.0 0.0 1.0 0.34 1.0 0.4 1.0 0.0 1.0 0.0 1.0 0.0 1.0 0.0 1.0 0.0 1.0 0.0 1.0 0.0 1.0 0.0 1.0 0.77 1.0 0.84 1.0 0.85 1.0 0.92 1.0 0.0 1.0 0.0 1.0 0.0 1.0 0.0 1.0 0.57 1.0 0.0 1.0 "fAther : low back unrounded vowel"
"aa2" "a" 0.0 1.0 0.0 1.0 0.34 1.0 0.4 1.0 0.0 1.0 0.0 1.0 0.0 1.0 0.0 1.0 0.0 1.0 0.0 1.0 0.0 1.0 0.0 1.0 0.77 1.0 0.84 1.0 0.85 1.0 0.92 1.0 0.0 1.0 0.0 1.0 0.47 1.0 0.55 1.0 0.24 1.0 0.0 1.0 "fAther : low front unrounded vowel"
"iy" "i" 0.0 1.0 0.0 1.0 0.0 1.0 0.0 1.0 0.0 1.0 0.0 1.0 0.0 1.0 0.0 1.0 0.0 1.0 0.0 1.0 1.0 1.0 1.0 1.0 0.0 1.0 0.0 1.0 0.44 1.0 0.59 1.0 0.0 1.0 0.0 1.0 0.0 1.0 0.0 1.0 0.0 1.0 0.0 1.0 "fEEl : high front unrounded vowel"
"y" "j" 0.0 1.0 0.0 1.0 0.0 1.0 0.0 1.0 0.0 1.0 0.0 1.0 0.0 1.0 0.0 1.0 0.0 1.0 0.0 1.0 0.57 1.0 0.81 1.0 0.0 1.0 0.0 1.0 0.15 1.0 0.34 1.0 0.43 1.0 0.34 1.0 0.0 1.0 0.0 1.0 0.0 1.0 0.0 1.0 "Yacht : voiced palatal approximant"
"ah" "0x028c" 0.0 1.0 0.0 1.0 0.0 1.0 0.0 1.0 0.0 1.0 0.0 1.0 0.0 1.0 0.0 1.0 0.0 1.0 0.0 1.0 0.0 1.0 0.0 1.0 0.0 1.0 0.0 1.0 0.0 1.0 0.0 1.0 0.57 1.0 0.55 1.0 0.0 1.0 0.0 1.0 0.2 1.0 0.0 1.0 "cUt : lower-mid back unrounded vowel"
"ao" "0x0254" 0.0 1.0 0.0 1.0 0.0 1.0 0.0 1.0 0.0 1.0 0.0 1.0 0.0 1.0 0.0 1.0 0.0 1.0 0.0 1.0 0.0 1.0 0.0 1.0 0.0 1.0 0.0 1.0 0.52 1.0 0.54 1.0 0.0 1.0 0.0 1.0 0.33 1.0 0.34 1.0 0.37 1.0 0.0 1.0 "dOg : lower-mid back rounded vowel"
"ax" "0x0259" 0.0 1.0 0.0 1.0 0.0 1.0 0.0 1.0 0.0 1.0 0.0 1.0 0.0 1.0 0.0 1.0 0.0 1.0 0.0 1.0 0.0 1.0 0.0 1.0 0.0 1.0 0.0 1.0 0.39 1.0 0.34 1.0 0.0 1.0 0.0 1.0 0.0 1.0 0.0 1.0 0.12 1.0 0.0 1.0 "Ago : mid-central unrounded vowel"
"ax2" "0x025c" 0.0 1.0 0.0 1.0 0.0 1.0 0.0 1.0 0.0 1.0 0.0 1.0 0.0 1.0 0.0 1.0 0.0 1.0 0.0 1.0 0.0 1.0 0.0 1.0 0.0 1.0 0.0 1.0 0.39 1.0 0.34 1.0 0.0 1.0 0.0 1.0 0.0 1.0 0.0 1.0 0.25 1.0 0.0 1.0 "Ago : lower-mid central unrounded vowel"
"eh" "0x025b" 0.0 1.0 0.0 1.0 0.0 1.0 0.0 1.0 0.0 1.0 0.0 1.0 0.0 1.0 0.0 1.0 0.0 1.0 0.0 1.0 0.4 1.0 0.52 1.0 0.46 1.0 0.34 1.0 0.34 1.0 0.02 1.0 0.0 1.0 0.0 1.0 0.0 1.0 0.0 1.0 0.18 1.0 0.0 1.0 "pEt : lower-mid front unrounded vowel"
"ih" "0x026a" 0.0 1.0 0.0 1.0 0.0 1.0 0.0 1.0 0.0 1.0 0.0 1.0 0.0 1.0 0.0 1.0 0.0 1.0 0.0 1.0 0.24 1.0 0.26 1.0 0.0 1.0 0.0 1.0 0.27 1.0 0.3 1.0 0.6 1.0 0.5 1.0 0.0 1.0 0.0 1.0 0.1 1.0 0.0 1.0 "fIll : semi-high front unrounded vowel"
"ih2" "0x0268" 0.0 1.0 0.0 1.0 0.0 1.0 0.0 1.0 0.0 1.0 0.0 1.0 0.0 1.0 0.0 1.0 0.0 1.0 0.0 1.0 0.38 1.0 0.33 1.0 0.0 1.0 0.0 1.0 0.27 1.0 0.3 1.0 0.6 1.0 0.5 1.0 0.0 1.0 0.58 1.0 0.26 1.0 0.0 1.0 "fIll : high central unrounded vowel"
"uh" "0x028a" 0.0 1.0 0.0 1.0 0.53 1.0 0.58 1.0 0.0 1.0 0.0 1.0 0.0 1.0 0.0 1.0 0.0 1.0 0.0 1.0 0.0 1.0 0.0 1.0 0.0 1.0 0.0 1.0 0.44 1.0 0.26 1.0 0.0 1.0 0.0 1.0 0.46 1.0 0.61 1.0 0.0 1.0 0.0 1.0 "bOOk : semi-high back rounded vowel"
"g" "g" 0.0 1.0 0.0 1.0 0.0 1.0 0.0 1.0 0.0 1.0 0.0 1.0 0.0 1.0 0.0 1.0 0.0 1.0 0.0 1.0 0.17 1.0 0.17 1.0 0.0 1.0 0.0 1.0 0.0 1.0 0.0 1.0 0.83 1.0 0.8 1.0 0.0 1.0 0.0 1.0 0.0 1.0 0.0 1.0 "taG : voiced velar stop"
"g2" "0x0261" 0.0 1.0 0.0 1.0 0.0 1.0 0.0 1.0 0.0 1.0 0.0 1.0 0.0 1.0 0.0 1.0 0.0 1.0 0.0 1.0 0.17 1.0 0.17 1.0 0.16 1.0 0.1 1.0 0.26 1.0 0.25 1.0 0.9 1.0 0.8 1.0 0.0 1.0 0.0 1.0 0.16 1.0 0.0 1.0 "taG : voiced velar stop"
"hh" "h" 0.0 1.0 0.0 1.0 0.0 1.0 0.0 1.0 0.0 1.0 0.0 1.0 0.0 1.0 0.0 1.0 0.0 1.0 0.0 1.0 0.6 1.0 0.69 1.0 0.54 1.0 0.58 1.0 0.31 1.0 0.22 1.0 0.0 1.0 0.0 1.0 0.0 1.0 0.0 1.0 0.26 1.0 0.0 1.0 "Help : voiceless glottal fricative"
"hh2" "0x0266" 0.0 1.0 0.0 1.0 0.0 1.0 0.0 1.0 0.0 1.0 0.0 1.0 0.0 1.0 0.0 1.0 0.0 1.0 0.0 1.0 0.6 1.0 0.69 1.0 0.54 1.0 0.34 1.0 0.18 1.0 0.11 1.0 0.12 1.0 0.13 1.0 0.0 1.0 0.0 1.0 0.05 1.0 0.0 1.0 "Help : breathy-voiced glottal fricative"
"c" "k" 0.0 1.0 0.0 1.0 0.0 1.0 0.0 1.0 0.0 1.0 0.0 1.0 0.0 1.0 0.0 1.0 0.0 1.0 0.0 1.0 0.0 1.0 0.0 1.0 1.0 1.0 1.0 1.0 0.57 1.0 0.65 1.0 0.0 1.0 0.0 1.0 0.0 1.0 0.0 1.0 0.0 1.0 0.0 1.0 "Cut : voiceless velar stop"
"nx" "0x014b" 0.0 1.0 0.0 1.0 0.0 1.0 0.0 1.0 0.0 1.0 0.0 1.0 0.0 1.0 0.0 1.0 0.0 1.0 0.0 1.0 0.0 1.0 0.0 1.0 0.0 1.0 0.0 1.0 0.57 1.0 0.65 1.0 0.53 1.0 0.5 1.0 0.0 1.0 0.0 1.0 0.0 1.0 0.0 1.0 "siNG : voiced velar nasal"
"zh" "0x0292" 0.0 1.0 0.0 1.0 0.0 1.0 0.0 1.0 0.0 1.0 0.0 1.0 0.0 1.0 0.0 1.0 0.0 1.0 0.0 1.0 0.0 1.0 0.0 1.0 0.0 1.0 0.0 1.0 0.0 1.0 0.0 1.0 0.0 1.0 0.0 1.0 0.4 1.0 1.0 1.0 0.0 1.0 0.0 1.0 "aZure : voiced postalveolar fricative"
"b" "b" 0.0 1.0 0.0 1.0 0.0 1.0 0.0 1.0 0.91 1.0 1.0 1.0 0.0 1.0 0.0 1.0 0.0 1.0 0.0 1.0 0.5 1.0 0.45 1.0 0.0 1.0 0.0 1.0 0.0 1.0 0.0 1.0 0.0 1.0 0.0 1.0 0.0 1.0 0.0 1.0 0.0 1.0 0.0 1.0 "Big : voiced alveolar stop"

